0 4.95866 4.99407 4.99407 4.92326 4.92326
0.5 4.87335 4.91233 4.90518 4.84153 4.83437
1 4.78804 4.8306 4.81629 4.7598 4.74548
1.5 4.70273 4.74887 4.7274 4.67806 4.65659
2 4.61742 4.66713 4.63851 4.59633 4.5677
2.5 4.5321 4.5854 4.54962 4.51459 4.47881
3 4.44679 4.50366 4.46072 4.43286 4.38992
3.5 4.36148 4.42193 4.37183 4.35113 4.30103
4 4.27617 4.3402 4.28294 4.26939 4.21214
4.5 4.19086 4.25846 4.19405 4.18766 4.12325
5 4.10554 4.17673 4.10516 4.10593 4.03436
5.5 4.02023 4.095 4.01627 4.02419 3.94547
6 3.93492 4.01326 3.92738 3.94246 3.85658
6.5 3.84961 3.93153 3.83849 3.86072 3.76769
7 3.7643 3.84979 3.7496 3.77899 3.6788
7.5 3.67898 3.76806 3.66071 3.69726 3.58991
8 3.59367 3.68633 3.57182 3.61552 3.50102
8.5 3.50836 3.60459 3.48293 3.53379 3.41213
9 3.42305 3.52286 3.39404 3.45206 3.32324
9.5 3.33774 3.44113 3.30515 3.37032 3.23435
10 3.25242 3.35939 3.21626 3.28859 3.14546
10.5 3.16711 3.27766 3.12737 3.20685 3.05657
11 3.0818 3.19593 3.03848 3.12512 2.96768
11.5 2.99649 3.11419 2.94959 3.04339 2.87879
12 2.91118 3.03246 2.8607 2.96165 2.78989
12.5 2.82586 2.95072 2.77181 2.87992 2.701
13 2.74055 2.86899 2.68292 2.79819 2.61211
13.5 2.65524 2.78726 2.59403 2.71645 2.52322
14 2.56993 2.70552 2.50514 2.63472 2.43433
14.5 2.48462 2.62379 2.41625 2.55299 2.34544
15 2.3993 2.54206 2.32736 2.47125 2.25655
15.5 2.31399 2.46032 2.23847 2.38952 2.16766
16 2.22868 2.37859 2.14958 2.30778 2.07877
